errorFBMC = [1 1.8 2.75 4 4.3 5.8 7.35 10.1];
errorFBMC2 = [1.05 1.56 2.27 3.2 4 5.47 7 8.6];
errorUFMC = [1.5 2.5 4.21 6.34 8.05 10.37 13.65 16];
errorUFMC2 = [1.47 2.4 4 6.25 7.6 10 13 15.4];
fee = [0.01 0.02 0.04 0.08 0.1 0.13 0.16 0.2];2